Raw patterns(including dnese)
		redundant	non-redundant
at_fim_26	[607, 130, 108, 58, 12, 104, 3, 0, 1]	[660, 224, 128, 11]
hs_fim_92	[955, 301, 160, 139, 66, 76, 40, 28, 13, 4, 3, 1, 10]	[1027, 406, 255, 91, 17]
(avg_events)	[5.22, 5.40, 5.48, 5.62, 5.24, 5.03, 5.52, 4.57, 6.77, 6.75, 4.67, 1.0, 1.3]	[5.12, 5.52, 5.56, 5.35, 4.82]
mm_fim_97	[295, 104, 24, 9, 9, 11, 0, 0, 0, 1]	[302, 137, 13, 1]
(avg_events)	[3.34, 4.09, 4.29, 1.22, 2.88, 1.0, 0, 0, 0, 24.0]	[3.3079470198675498, 4.007299270072993, 1.0, 24.0]
rnfim33		[154, 48, 28, 12, 7, 88, 5]	[164, 68, 102, 8]
scfim30		[411, 183, 117, 96, 108, 163, 59, 43, 48, 40, 21, 30, 25, 11, 6, 2, 1, 2, 0, 1, 1]	[480, 293, 267, 135, 93, 74, 22, 2, 1, 0, 1]

The index in the list corresponds to no_of_p_funcs.
value is no_of_genes predicted.
